 466012842
 466012769
 466012843
 466012774
 466012772
 466012790
 466012867
 466013019
 466012866
 466012880
 466012887
 466013023
 466013117
 466013033
 466012765
 466012894
 466013113
 466012792
 466013031
 466012857
 466012962
 466012901
 466012832
 466012916
 466012984
 466012799
 466012783
 466012913
 466012838
 466012768
 466013063
 466013051
 466012770
 466013074
 466012980
 466012823
 466013090
 466013017
 466013128
 466013060
 466013003
 466012845
 466012858
 466012873
 466012812
 466012935
 466012860
 466013126
 466013010
 466013067
 466013038
 466013065
 466012900
 466013034
 466013008
 466013121
 466012779
 466012844
 466012813
 466012800
 466012990
 466013107
 466012824
 466013069
 466012885
 466012911
 466013036
 466013096
 466012939
 466012904
 466012820
 466012889
 466012931
 466013064
 466012925
 466013122
 466012989
 466012966
 466013062
 466013006
 466012869
 466013109
 466013118
 466012882
 466012932
 466012815
 466012963
 466013076
 466012999
 466013001
 466012805
 466012849
 466012764
 466012903
 466012912
 466012997
 466012890
 466013058
 466013009
 466012865
 466013002
 466012946
 466012841
 466012771
 466012941
 466013029
 466012871
 466013073
 466013056
 466012908
 466012964
 466012818
 466013083
 466012950
 466012951
 466013092
 466013032
 466012909
 466013079
 466012933
 466012921
 466012992
 466012934
 466012855
 466012927
 466012814
 466012782
 466012884
 466013097
 466012945
 466012851
 466012914
 466012816
 466013042
 466012856
 466012928
 466013040
 466013094
 466013085
 466013049
 466012972
 466013106
 466012828
 466013105
 466013111
 466013014
 466013000
 466012787
 466012785
 466013110
 466013115
 466012859
 466012965
 466013021
 466012877
 466012960
 466013120
 466012781
 466012793
 466013027
 466013012
 466013125
 466013102
 466012833
 466013082
 466012763
 466013075
 466012952
 466012797
 466012891
 466012938
 466012897
 466012995
 466013101
 466012947
 466012922
 466013057
 466013098
 466012837
 466013052
 466012766
 466012795
 466013087
 466012888
 466012949
 466012822
 466012846
 466012970
 466012848
 466012886
 466012987
 466013095
 466013072
 466012979
 466012784
 466013028
 466013037
 466012804
 466012881
 466013011
 466012876
 466013081
 466012854
 466012918
 466012835
 466012905
 466012862
 466012974
 466012853
 466013070
 466012826
 466012975
 466012978
 466012863
 466012968
 466012776
 466013004
 466012872
 466012794
 466013127
 466012936
 466013015
 466012899
 466012870
 466012893
 466013005
 466012958
 466012896
 466013018
 466012878
 466012892
 466013047
 466012808
 466012976
 466013084
 466012926
 466012773
 466012819
 466012829
 466012994
 466013055
 466012944
 466012830
 466012789
 466012986
 466012840
 466012969
 466012802
 466013007
 466012920
 466013043
 466012831
 466012940
 466012898
 466012852
 466012834
 466012985
 466012778
 466012796
 466013013
 466013022
 466012948
 466012924
 466013044
 466013041
 466013091
 466013059
 466012760
 466012937
 466012953
 466012786
 466012910
 466012875
 466012803
 466013086
 466012902
 466013077
 466013104
 466012798
 466012825
 466012988
 466013080
 466012981
 466013100
 466012836
 466012827
 466012959
 466012906
 466012991
 466012993
 466012879
 466013123
 466012809
 466013103
 466013054
 466012982
 466013089
 466012930
 466012788
 466012821
 466012817
 466012956
 466013099
 466012811
 466013024
 466012767
 466013124
 466012864
 466012850
 466012775
 466012942
 466013114
 466013016
 466012807
 466012810
 466013071
 466012983
 466012868
 466012977
 466013066
 466013025
 466012943
 466012957
 466012929
 466013020
 466012839
 466012777
 466013035
 466012998
 466012954
 466012996
 466013026
 466013108
 466012791
 466013088
 466013046
 466012967
 466013053
 466013078
 466013050
 466012907
 466013039
 466012801
 466012895
 466012874
 466012762
 466012761
 466012883
 466013061
 466013112
 466012923
 466012919
 466013030
 466012915
 466012806
 466013119
 466012780
 466013045
 466012955
 466012917
 466013116
 466013048
 466012961
 466012861
 466012973
 466013093
 466013068
 466012847
 466012971
 466012759
